91, 11;
101, 12;
111, 13;
121, 14;
131, 15;
141, 16;
151, 17;
161, 18;
92, 21;
102, 22;
112, 23;
122, 24;
132, 25;
142, 26;
152, 27;
162, 28;
93, 31;
103, 32;
113, 33;
123, 34;
133, 35;
143, 36;
153, 37;
163, 38;
94, 41;
104, 42;
114, 43;
124, 44;
134, 45;
144, 46;
154, 47;
164, 48;
95, 51;
105, 52;
115, 53;
125, 54;
135, 55;
145, 56;
155, 57;
165, 58;
96, 61;
106, 62;
116, 63;
126, 64;
136, 65;
146, 66;
156, 67;
166, 68;
97, 71;
107, 72;
117, 73;
127, 74;
137, 75;
147, 76;
157, 77;
167, 78;
98, 81;
108, 82;
118, 83;
128, 84;
138, 85;
148, 86;
158, 87;
168, 88;
