11, 81;
21, 71;
31, 61;
41, 51;
51, 41;
61, 31;
71, 21;
81, 11;
12, 82;
22, 72;
32, 62;
42, 52;
52, 42;
62, 32;
72, 22;
82, 12;
13, 83;
23, 73;
33, 63;
43, 53;
53, 43;
63, 33;
73, 23;
83, 13;
14, 84;
24, 74;
34, 64;
44, 54;
54, 44;
64, 34;
74, 24;
84, 14;
15, 85;
25, 75;
35, 65;
45, 55;
55, 45;
65, 35;
75, 25;
85, 15;
16, 86;
26, 76;
36, 66;
46, 56;
56, 46;
66, 36;
76, 26;
86, 16;
17, 87;
27, 77;
37, 67;
47, 57;
57, 47;
67, 37;
77, 27;
87, 17;
18, 88;
28, 78;
38, 68;
48, 58;
58, 48;
68, 38;
78, 28;
88, 18;
